36 996 35856
35 453 15855
863 470 405610
692 40 433290
475 587 278825
535 445 516900
79 660 52140
848 87 73776
649 926 674750
870 874 760380
415 825 342375
846 444 375624
610 82 425644
689 160 535884
768 56 43008
700 560 392000
693 297 597821
59 422 622719
247 481 118807
565 194 228417
171 529 318876
39 381 333735
116 324 37584
338 41 13858
876 824 735682
892 317 282764
747 70 335054
978 259 253302
48 596 28608
199 660 159948
261 987 417555
13 8 104
212 264 56072
699 945 716627
292 323 810943
2 634 1268
309 648 201500
285 221 62985
816 937 764592
157 670 105190
319 182 163248
238 865 369118
113 678 445732
863 948 1263856
21 853 17913
85 327 27795
274 491 134534
610 270 164700
494 632 312208
794 335 578198
401 996 977594
738 853 1607108
504 440 221760
823 54 44442
596 238 186290
916 79 258654
985 449 700919
310 111 34410
787 387 304569
674 750 810069
204 737 960417
396 264 104544
30 88 107184
482 741 464346
24 854 20496
247 456 112632
55 656 148712
855 451 385605
597 133 79401
824 591 486984
65 14 910
227 121 27467
458 86 39388
381 566 255034
545 910 495950
735 502 864920
435 603 1127225
665 453 301245
965 654 631110
973 533 518609
429 100 561509
557 485 831654
307 792 1074798
316 889 280924
486 111 53946
584 70 94826
328 936 401834
995 713 1111269
568 764 433952
420 151 63420
338 735 311850
91 817 386197
1 352 352
597 7 4179
66 988 65208
818 760 686888
319 682 904446
242 19 909044
44 678 938876
829 839 1634407
470 849 399030
549 625 742155
251 218 796873
147 700 102900
138 953 131514
240 856 336954
197 910 516224
70 772 570264
874 767 670358
514 912 1139126
706 514 362884
667 645 430215
156 891 138996
936 113 244764
364 643 478816
628 814 511192
415 307 638597
948 820 777360
670 484 324280
703 705 495615
915 774 708210
373 17 6341
196 778 152488
11 68 748
256 554 141824
833 475 537499
214 602 666327
195 161 697722
82 324 26568
303 921 305631
198 551 414729
959 127 121793
73 923 189172
397 667 264799
743 560 680879
794 229 181826
461 20 191046
225 239 53775
678 908 669399
464 393 182352
945 445 602877
714 561 400554
765 352 269280
339 138 316062
850 785 667250
529 281 148649
606 841 509646
34 965 32810
470 418 229270
821 388 318548
225 778 175050
280 779 393170
146 991 144686
493 63 175745
211 127 26797
635 948 628777
243 565 766072
907 365 331055
720 711 511920
440 630 277200
830 846 979380
5 593 2965
18 343 9139
364 303 110292
324 833 380184
64 823 52672
884 599 529516
929 646 1129650
971 641 622411
937 449 420713
128 328 462697
577 270 618487
216 402 86832
41 302 12382
386 248 108110
15 374 113720
964 997 1074828
552 224 123648
884 939 830076
760 70 53200
21 283 59143
341 284 96844
591 741 437931
175 495 524556
932 32 554380
498 805 400890
818 884 723112
469 812 1103940
565 43 1128235
613 908 1684839
588 895 526260
336 760 781620
91 473 43043
475 474 225150
647 117 75699
739 640 472960
296 693 678088
737 83 739259
893 906 809058
39 983 38337
200 944 188800
766 664 697424
89 504 742280
973 433 421309
824 569 890165
149 221 923094
847 774 655578
382 357 791952
1 131 792083
223 627 931904
816 540 440640
744 509 819336
583 859 500797
774 857 663318
109 705 76845
486 25 88995
26 535 13910
233 230 67500
871 238 274798
66 226 14916
833 260 231496
56 97 236928
196 493 96628
620 445 372528
13 506 6578
243 965 234495
883 659 581897
733 473 346709
373 455 169715
976 673 826563
205 509 104345
200 132 26400
819 723 592137
59 635 37465
184 246 45264
538 168 135648
996 750 747000
351 965 1085715
422 187 1164629
784 749 1751845
58 119 6902
997 257 256229
118 851 356647
998 444 799759
659 147 96873
859 604 615709
104 333 650341
324 248 80352
260 926 240760
262 933 244446
245 285 314271
250 945 236250
622 505 550360
746 768 572928
985 445 438325
605 849 513645
622 201 638667
873 838 731574
365 75 27375
593 15 8895
769 148 113812
88 268 23584
855 911 778905
981 127 124587
997 753 875328
469 524 245756
63 392 270452
431 335 144385
460 337 299405
864 828 1014797
530 191 101230
892 412 367504
694 778 907436
626 647 1312458
539 185 99715
914 875 799750
383 592 226736
376 74 254560
158 864 391072
125 102 403822
360 950 342000
75 563 42225
72 568 40896
522 817 426474
113 482 54466
978 275 268950
409 20 8180
614 974 598036
164 81 611320
873 224 806872
159 273 43407
497 41 63784
611 872 596576
249 78 615998
